
pbest =

   44.4636    0.2102


fbest =

   28.2099


pbest =

   28.5883    0.2057


fbest =

   28.1530


pbest =

   28.5883    0.2057


fbest =

   28.1287


pbest =

   28.5883    0.2057


fbest =

   28.1287


pbest =

    0.5460    7.2594    1.8603    7.0493   27.7632   34.8090


fbest =

   48.5371


pbest =

    0.5460    7.2594    1.8603    7.0493   27.7632   34.8090


fbest =

   43.8505


pbest =

    0.3498    3.3810    0.6705   18.6024   16.4954   17.3753


fbest =

   43.8505


pbest =

    0.1678    7.0456    0.4862   55.1368   27.0370   20.2333


fbest =

   35.7176


pbest =

    0.3814    0.3946    0.4806   56.6686   75.4359   14.7884


fbest =

   33.3485


pbest =

    0.2603    0.2693    0.3280   38.6761   51.4847   10.0931


fbest =

   24.7427


pbest =

    0.2603    0.2693    0.3280   38.6761   51.4847   10.0931


fbest =

   24.7427


pbest =

    0.2603    0.2693    0.3280   38.6761   51.4847   10.0931


fbest =

   24.7427


pbest =

    0.2603    0.2693    0.3280   38.6761   51.4847   10.0931


fbest =

   24.7427


pbest =

    0.2603    0.2693    0.3280   38.6761   51.4847   10.0931


fbest =

   24.7427


pbest =

    0.2500    0.4559    0.3141   37.0875   48.8787   11.2230


fbest =

   24.7427


pbest =

    0.2500    0.4559    0.3141   37.0875   48.8787   11.2230


fbest =

   24.5947


pbest =

    0.2742    0.4362    0.3009   35.4547   46.7986   11.8388


fbest =

   24.5947


pbest =

    0.2742    0.4362    0.3009   35.4547   46.7986   11.8388


fbest =

   24.3716


pbest =

    0.2742    0.4362    0.3009   35.4547   46.7986   11.8388


fbest =

   24.3716


pbest =

    0.2629    0.3747    0.4305   46.8068   81.6471   14.6304


fbest =

   24.3716


pbest =

    0.2629    0.3747    0.4305   46.8068   81.6471   14.6304


fbest =

   24.2814


pbest =

    0.2814    0.3634    0.4372   51.4305   76.1902   14.0607


fbest =

   24.2814


pbest =

    0.2814    0.3634    0.4372   51.4305   76.1902   14.0607


fbest =

   24.0667


pbest =

    0.2814    0.3634    0.4372   51.4305   76.1902   14.0607


fbest =

   24.0667


pbest =

    0.2814    0.3634    0.4372   51.4305   76.1902   14.0607


fbest =

   24.0667


pbest =

    0.2814    0.3634    0.4372   51.4305   76.1902   14.0607


fbest =

   24.0667


pbest =

    0.2814    0.3634    0.4372   51.4305   76.1902   14.0607


fbest =

   24.0667


pbest =

    0.2814    0.3634    0.4372   51.4305   76.1902   14.0607


fbest =

   24.0667


pbest =

    0.2814    0.3634    0.4372   51.4305   76.1902   14.0607


fbest =

   24.0667


pbest =

    0.2814    0.3634    0.4372   51.4305   76.1902   14.0607


fbest =

   24.0667


pbest =

    0.2814    0.3634    0.4372   51.4305   76.1902   14.0607


fbest =

   24.0667


pbest =

    0.2814    0.3634    0.4372   51.4305   76.1902   14.0607


fbest =

   24.0667


pbest =

    0.2814    0.3634    0.4372   51.4305   76.1902   14.0607


fbest =

   24.0667


pbest =

    0.2814    0.3634    0.4372   51.4305   76.1902   14.0607


fbest =

   24.0667


pbest =

    0.2814    0.3634    0.4372   51.4305   76.1902   14.0607


fbest =

   24.0667


pbest =

    0.2814    0.3634    0.4372   51.4305   76.1902   14.0607


fbest =

   24.0667


pbest =

    0.2814    0.3634    0.4372   51.4305   76.1902   14.0607


fbest =

   24.0667


pbest =

    0.2821    0.3647    0.4372   53.2728   73.2036   13.9958


fbest =

   24.0667


pbest =

    0.2821    0.3647    0.4372   53.2728   73.2036   13.9958


fbest =

   23.9525


pbest =

    0.2821    0.3647    0.4372   53.2728   73.2036   13.9958


fbest =

   23.9525


pbest =

    0.2821    0.3647    0.4372   53.2728   73.2036   13.9958


fbest =

   23.9525


pbest =

    0.2821    0.3647    0.4372   53.2728   73.2036   13.9958


fbest =

   23.9525


pbest =

    0.2821    0.3647    0.4372   53.2728   73.2036   13.9958


fbest =

   23.9525


pbest =

    0.2821    0.3647    0.4372   53.2728   73.2036   13.9958


fbest =

   23.9525


pbest =

    0.2821    0.3647    0.4372   53.2728   73.2036   13.9958


fbest =

   23.9525


pbest =

    0.2821    0.3647    0.4372   53.2728   73.2036   13.9958


fbest =

   23.9525


pbest =

    0.2821    0.3647    0.4372   53.2728   73.2036   13.9958


fbest =

   23.9525


pbest =

    0.2821    0.3647    0.4372   53.2728   73.2036   13.9958


fbest =

   23.9525


pbest =

    0.2821    0.3647    0.4372   53.2728   73.2036   13.9958


fbest =

   23.9525


pbest =

    0.2821    0.3647    0.4372   53.2728   73.2036   13.9958


fbest =

   23.9525


pbest =

    0.2821    0.3647    0.4372   53.2728   73.2036   13.9958


fbest =

   23.9525


pbest =

    0.2821    0.3647    0.4372   53.2728   73.2036   13.9958


fbest =

   23.9525


pbest =

    0.2821    0.3647    0.4372   53.2728   73.2036   13.9958


fbest =

   23.9525


pbest =

    0.2821    0.3647    0.4372   53.2728   73.2036   13.9958


fbest =

   23.9525


pbest =

    0.2821    0.3647    0.4372   53.2728   73.2036   13.9958


fbest =

   23.9525


pbest =

    0.2821    0.3647    0.4372   53.2728   73.2036   13.9958


fbest =

   23.9525


pbest =

    0.2821    0.3647    0.4372   53.2728   73.2036   13.9958


fbest =

   23.9525


pbest =

    0.2821    0.3647    0.4372   53.2728   73.2036   13.9958


fbest =

   23.9525


pbest =

    0.2821    0.3647    0.4372   53.2728   73.2036   13.9958


fbest =

   23.9525


pbest =

    0.2821    0.3647    0.4372   53.2728   73.2036   13.9958


fbest =

   23.9525


pbest =

    0.2821    0.3647    0.4372   53.2728   73.2036   13.9958


fbest =

   23.9525


pbest =

    0.2821    0.3647    0.4372   53.2728   73.2036   13.9958


fbest =

   23.9525


pbest =

    0.2821    0.3647    0.4372   53.2728   73.2036   13.9958


fbest =

   23.9525


pbest =

    0.2821    0.3647    0.4372   53.2728   73.2036   13.9958


fbest =

   23.9525


pbest =

    0.2821    0.3647    0.4372   53.2728   73.2036   13.9958


fbest =

   23.9525


pbest =

    0.2821    0.3647    0.4372   53.2728   73.2036   13.9958


fbest =

   23.9525


pbest =

    0.2821    0.3647    0.4372   53.2728   73.2036   13.9958


fbest =

   23.9525


pbest =

    0.2821    0.3647    0.4372   53.2728   73.2036   13.9958


fbest =

   23.9525


pbest =

    0.2821    0.3647    0.4372   53.2728   73.2036   13.9958


fbest =

   23.9525


pbest =

    0.2821    0.3647    0.4372   53.2728   73.2036   13.9958


fbest =

   23.9525


pbest =

    0.2821    0.3647    0.4372   53.2728   73.2036   13.9958


fbest =

   23.9525


pbest =

    0.2821    0.3647    0.4372   53.2728   73.2036   13.9958


fbest =

   23.9525


pbest =

    0.2821    0.3647    0.4372   53.2728   73.2036   13.9958


fbest =

   23.9525


pbest =

    0.2821    0.3647    0.4372   53.2728   73.2036   13.9958


fbest =

   23.9525

