
pbest =

    3.4211    0.7402   22.0761   14.5297


fbest =

   1.1499e+03


pbest =

    0.6985    0.3590    4.2049   52.9031


fbest =

  816.8800


pbest =

    1.2779    0.2304    1.0362   34.2859


fbest =

  303.0501


pbest =

    1.4286    0.1853    0.9166   52.0257


fbest =

  220.6915


pbest =

    1.9526    0.1716    1.0007   87.2777


fbest =

  210.5797


pbest =

    1.9526    0.1716    1.0007   87.2777


fbest =

  208.5889


pbest =

    1.2179    0.1799    1.0164   78.2510


fbest =

  207.8106


pbest =

    1.2179    0.1799    1.0164   78.2510


fbest =

  198.4840


pbest =

    1.2179    0.1799    1.0164   78.2510


fbest =

  198.4840


pbest =

    1.2179    0.1799    1.0164   78.2510


fbest =

  198.4840


pbest =

    1.2179    0.1799    1.0164   78.2510


fbest =

  198.4840


pbest =

    1.2179    0.1799    1.0164   78.2510


fbest =

  198.4840


pbest =

    1.2179    0.1799    1.0164   78.2510


fbest =

  198.4840


pbest =

    1.2179    0.1799    1.0164   78.2510


fbest =

  198.4840


pbest =

    1.2179    0.1799    1.0164   78.2510


fbest =

  198.4840


pbest =

    1.4597    0.1520    0.7552   92.9561


fbest =

  198.4840


pbest =

    1.4597    0.1520    0.7552   92.9561


fbest =

  198.4071


pbest =

    1.5094    0.1581    0.9529   98.3751


fbest =

  198.4071


pbest =

    1.5094    0.1581    0.9529   98.3751


fbest =

  197.2091


pbest =

    1.5094    0.1581    0.9529   98.3751


fbest =

  197.2091


pbest =

    2.2203    0.1677    0.8759   98.6911


fbest =

  197.2091


pbest =

    2.2203    0.1677    0.8759   98.6911


fbest =

  193.4126


pbest =

    2.2203    0.1677    0.8759   98.6911


fbest =

  193.4126


pbest =

    2.2203    0.1677    0.8759   98.6911


fbest =

  193.4126


pbest =

    2.3081    0.1731    0.9042   92.0582


fbest =

  193.4126


pbest =

    2.3081    0.1731    0.9042   92.0582


fbest =

  192.8227


pbest =

    2.3081    0.1731    0.9042   92.0582


fbest =

  192.8227


pbest =

    2.3081    0.1731    0.9042   92.0582


fbest =

  192.8227


pbest =

    2.3081    0.1731    0.9042   92.0582


fbest =

  192.8227


pbest =

    3.9924    0.1684    0.8535   99.7549


fbest =

  192.8227


pbest =

    3.9924    0.1684    0.8535   99.7549


fbest =

  192.6973


pbest =

    1.3252    0.1639    0.9354   95.5871


fbest =

  192.6973


pbest =

    1.3252    0.1639    0.9354   95.5871


fbest =

  191.8798


pbest =

    1.3252    0.1639    0.9354   95.5871


fbest =

  191.8798

